# Arquivo de instancias para o algoritmo de corte de chapa metalica
#
# Formato de cada instancia:
#
#   @INSTANCIA  <nome> <chapa_larg> <chapa_alt>
#   @ARTIGO     <n_pecas_ref> <sobra%_ref> <tempo_s_ref>  <- use 0 0.00 0.00 se sem referencia
#   @TIPOS      <n_tipos>
#   <largura> <altura> <max_qtd>   <- max_qtd=0 significa sem limite
#   ...
#   @PRIORIDADE <p1> <p2> ... <pN> <- indices 1..N na ordem de prioridade
#   ---                            <- separador obrigatorio entre instancias
#   # comentario                   <- linhas com # sao ignoradas
#
# ------------------------------------------------------------------

# ------------------------------------------------------------------
# Instancias do artigo Chen & Huang (2007) - com dados comparativos
# ------------------------------------------------------------------

# Instancias do artigo Chen & Huang (2007) - VERSÃO FIEL
# ------------------------------------------------------------------

# C11: chapa 20x20, 16 tipos distintos
@INSTANCIA C11 20 20
@ARTIGO 16 0.00 0.04
@TIPOS 16
2 5 0
13 5 0
4 11 0
11 11 0
2 1 0
2 3 0
6 4 0
7 4 0
2 2 0
3 2 0
5 3 0
5 4 0
3 4 0
2 4 0
5 5 0
5 2 0
@PRIORIDADE 1 2 3 4 5 6 7 8 9 10 11 12 13 14 15 16
---

# C21: chapa 40x15, 25 tipos distintos
@INSTANCIA C21 40 15
@ARTIGO 25 0.00 0.51
@TIPOS 25
4 3 0
1 1 0
1 2 0
2 2 0
2 1 0
7 7 0
4 6 0
4 1 0
4 5 0
1 5 0
6 5 0
13 15 0
10 11 0
10 4 0
2 12 0
3 1 0
3 2 0
5 6 0
6 4 0
7 3 0
8 2 0
9 2 0
3 4 0
5 2 0
6 3 0
@PRIORIDADE 1 2 3 4 5 6 7 8 9 10 11 12 13 14 15 16 17 18 19 20 21 22 23 24 25
---

# C41: chapa 60x60, 49 tipos distintos
@INSTANCIA C41 60 60
@ARTIGO 49 0.33 3.57
@TIPOS 49
5 4 0
2 4 0
9 10 0
4 2 0
5 2 0
9 3 0
9 4 0
9 11 0
9 8 0
3 3 0
1 1 0
2 1 0
1 2 0
1 4 0
3 1 0
10 13 0
4 3 0
6 3 0
6 6 0
6 8 0
6 2 0
8 16 0
19 16 0
2 16 0
21 37 0
19 30 0
19 7 0
15 7 0
6 7 0
11 8 0
11 10 0
11 3 0
11 5 0
8 8 0
3 8 0
7 6 0
8 5 0
9 6 0
10 7 0
12 9 0
14 11 0
16 13 0
18 15 0
20 17 0
22 19 0
24 21 0
26 23 0
28 25 0
30 27 0
@PRIORIDADE 1 2 3 4 5 6 7 8 9 10 11 12 13 14 15 16 17 18 19 20 21 22 23 24 25 26 27 28 29 30 31 32 33 34 35 36 37 38 39 40 41 42 43 44 45 46 47 48 49
---

# ------------------------------------------------------------------
# Instancias benchmark crescentes (B01-B10)
# Chapa cresce de 20 em 20 (20x20 ate 200x200)
# Tipos crescem gradativamente, sem duplicatas
# Sobras propositais nas instancias maiores para estressar o algoritmo
# ------------------------------------------------------------------

# B01: chapa 150x150 | 15 tipos | sobra ~10%
@INSTANCIA B01 150 150
@ARTIGO 0 0.00 0.00
@TIPOS 15
12 12 0
10 10 0
9 9 0
8 8 0
14 7 0
13 6 0
11 5 0
10 4 0
7 14 0
6 13 0
5 11 0
4 10 0
6 6 0
5 5 0
4 4 0
@PRIORIDADE 1 2 3 4 5 6 7 8 9 10 11 12 13 14 15
---

# B02: chapa 200x200 | 20 tipos | sobra ~12%
@INSTANCIA B02 200 200
@ARTIGO 0 0.00 0.00
@TIPOS 20
16 16 0
14 14 0
12 12 0
10 10 0
18 9 0
16 8 0
14 7 0
12 6 0
9 18 0
8 16 0
7 14 0
6 12 0
8 8 0
7 7 0
6 6 0
5 5 0
11 9 0
13 11 0
15 13 0
17 15 0
@PRIORIDADE 1 2 3 4 5 6 7 8 9 10 11 12 13 14 15 16 17 18 19 20
---

# B03: chapa 250x250 | 25 tipos | sobra ~15%
@INSTANCIA B03 250 250
@ARTIGO 0 0.00 0.00
@TIPOS 25
20 20 0
18 18 0
16 16 0
14 14 0
22 11 0
20 10 0
18 9 0
16 8 0
11 22 0
10 20 0
9 18 0
8 16 0
12 12 0
10 10 0
8 8 0
6 6 0
15 12 0
17 13 0
19 14 0
21 15 0
13 17 0
14 19 0
15 21 0
9 7 0
7 9 0
@PRIORIDADE 1 2 3 4 5 6 7 8 9 10 11 12 13 14 15 16 17 18 19 20 21 22 23 24 25
---

# B04: chapa 300x300 | 30 tipos | sobra ~18%
@INSTANCIA B04 300 300
@ARTIGO 0 0.00 0.00
@TIPOS 30
24 24 0
22 22 0
20 20 0
18 18 0
26 13 0
24 12 0
22 11 0
20 10 0
13 26 0
12 24 0
11 22 0
10 20 0
16 16 0
14 14 0
12 12 0
10 10 0
18 15 0
20 16 0
22 17 0
24 18 0
15 18 0
16 20 0
17 22 0
18 24 0
9 9 0
8 8 0
7 7 0
6 6 0
5 5 0
4 4 0
@PRIORIDADE 1 2 3 4 5 6 7 8 9 10 11 12 13 14 15 16 17 18 19 20 21 22 23 24 25 26 27 28 29 30
---

# B05: chapa 350x350 | 35 tipos | sobra ~20%
@INSTANCIA B05 350 350
@ARTIGO 0 0.00 0.00
@TIPOS 35
30 30 0
28 28 0
26 26 0
24 24 0
32 16 0
30 15 0
28 14 0
26 13 0
16 32 0
15 30 0
14 28 0
13 26 0
20 20 0
18 18 0
16 16 0
14 14 0
22 18 0
24 19 0
26 20 0
28 21 0
18 22 0
19 24 0
20 26 0
21 28 0
12 10 0
10 12 0
9 7 0
7 9 0
8 6 0
6 8 0
5 5 0
4 4 0
3 3 0
6 4 0
4 6 0
@PRIORIDADE 1 2 3 4 5 6 7 8 9 10 11 12 13 14 15 16 17 18 19 20 21 22 23 24 25 26 27 28 29 30 31 32 33 34 35
---

# B06: chapa 400x400 | 40 tipos | sobra ~22%
@INSTANCIA B06 400 400
@ARTIGO 0 0.00 0.00
@TIPOS 40
34 34 0
32 32 0
30 30 0
28 28 0
36 18 0
34 17 0
32 16 0
30 15 0
18 36 0
17 34 0
16 32 0
15 30 0
22 22 0
20 20 0
18 18 0
16 16 0
24 20 0
26 21 0
28 22 0
30 23 0
20 24 0
21 26 0
22 28 0
23 30 0
14 12 0
12 14 0
10 8 0
8 10 0
9 7 0
7 9 0
6 6 0
5 5 0
4 4 0
3 3 0
8 5 0
5 8 0
7 4 0
4 7 0
6 3 0
3 6 0
@PRIORIDADE 1 2 ... 40
---

# B07: chapa 450x450 | 45 tipos | sobra ~24%
@INSTANCIA B07 450 450
@ARTIGO 0 0.00 0.00
@TIPOS 45
90 55 0
85 50 0
80 45 0
75 43 0
70 40 0
65 38 0
60 35 0
55 33 0
50 30 0
48 28 0
88 53 0
83 49 0
79 47 0
75 45 0
71 43 0
67 41 0
63 39 0
59 37 0
55 35 0
53 33 0
51 31 0
49 29 0
47 27 0
45 25 0
43 25 0
41 23 0
39 23 0
37 21 0
35 21 0
33 19 0
31 19 0
29 17 0
27 17 0
25 15 0
23 15 0
21 13 0
19 13 0
17 11 0
15 11 0
13 9 0
11 9 0
9 8 0
8 7 0
7 5 0
6 5 0
@PRIORIDADE 1 2 3 4 5 6 7 8 9 10 11 12 13 14 15 16 17 18 19 20 21 22 23 24 25 26 27 28 29 30 31 32 33 34 35 36 37 38 39 40 41 42 43 44 45
---

# B08: chapa 500x500 | 50 tipos | sobra ~26%
@INSTANCIA B08 500 500
@ARTIGO 0 0.00 0.00
@TIPOS 50
100 60 0
95 55 0
90 50 0
85 47 0
80 45 0
75 43 0
70 40 0
65 38 0
60 35 0
58 33 0
98 58 0
93 53 0
89 51 0
85 49 0
81 47 0
77 45 0
73 43 0
69 41 0
65 39 0
63 37 0
61 35 0
59 33 0
57 31 0
55 29 0
53 29 0
51 27 0
49 27 0
47 25 0
45 25 0
43 23 0
41 23 0
39 21 0
37 21 0
35 19 0
33 19 0
31 17 0
29 17 0
27 15 0
25 15 0
23 13 0
21 13 0
19 11 0
17 11 0
15 9 0
13 9 0
11 8 0
9 8 0
8 7 0
7 5 0
6 5 0
@PRIORIDADE 1 2 3 4 5 6 7 8 9 10 11 12 13 14 15 16 17 18 19 20 21 22 23 24 25 26 27 28 29 30 31 32 33 34 35 36 37 38 39 40 41 42 43 44 45 46 47 48 49 50
---

# B09: chapa 550x550 | 55 tipos | sobra ~28%
@INSTANCIA B09 550 550
@ARTIGO 0 0.00 0.00
@TIPOS 55
110 65 0
105 60 0
100 55 0
95 52 0
90 50 0
85 47 0
80 45 0
75 43 0
70 40 0
68 38 0
108 63 0
103 59 0
99 57 0
95 55 0
91 53 0
87 51 0
83 49 0
79 47 0
75 45 0
73 43 0
71 41 0
69 39 0
67 37 0
65 35 0
63 35 0
61 33 0
59 33 0
57 31 0
55 31 0
53 29 0
51 29 0
49 27 0
47 27 0
45 25 0
43 25 0
41 23 0
39 23 0
37 21 0
35 21 0
33 19 0
31 19 0
29 17 0
27 17 0
25 15 0
23 15 0
21 13 0
19 13 0
17 11 0
15 11 0
13 9 0
11 9 0
9 8 0
8 7 0
7 5 0
6 5 0
@PRIORIDADE 1 2 3 4 5 6 7 8 9 10 11 12 13 14 15 16 17 18 19 20 21 22 23 24 25 26 27 28 29 30 31 32 33 34 35 36 37 38 39 40 41 42 43 44 45 46 47 48 49 50 51 52 53 54 55
---

# B10: chapa 600x600 | 60 tipos | sobra ~30%
@INSTANCIA B10 600 600
@ARTIGO 0 0.00 0.00
@TIPOS 60
120 70 2
115 65 2
110 60 2
105 57 3
100 55 3
95 52 3
90 50 3
85 47 4
80 45 4
78 43 4
118 68 2
113 63 2
109 61 2
105 59 3
101 57 3
97 55 3
93 53 3
89 51 4
85 49 4
83 47 4
81 45 4
79 43 4
77 41 4
75 39 4
73 39 4
71 37 4
69 37 4
67 35 4
65 35 4
63 33 4
61 33 4
59 31 5
57 31 5
55 29 5
53 29 5
51 27 5
49 27 5
47 25 5
45 25 5
43 23 5
41 23 5
39 21 5
37 21 5
35 19 5
33 19 5
31 17 5
29 17 5
27 15 5
25 15 5
23 13 5
21 13 5
19 11 5
17 11 5
15 9 5
13 9 5
11 8 5
9 8 5
8 7 5
7 5 5
6 5 5
@PRIORIDADE 1 2 3 4 5 6 7 8 9 10 11 12 13 14 15 16 17 18 19 20 21 22 23 24 25 26 27 28 29 30 31 32 33 34 35 36 37 38 39 40 41 42 43 44 45 46 47 48 49 50 51 52 53 54 55 56 57 58 59 60
---

# B11: chapa 2500x2500 | 100 tipos | sobra ~35%+
@INSTANCIA B11 2500 2500
@ARTIGO 0 0.00 0.00
@TIPOS 100
250 150 2
245 145 2
240 140 2
235 137 3
230 135 3
225 132 3
220 130 3
215 127 4
210 125 4
205 122 4
248 148 2
243 143 2
239 141 2
235 139 3
231 137 3
227 135 3
223 133 3
219 131 4
215 129 4
213 127 4
211 125 4
209 123 4
207 121 4
205 119 4
203 119 4
201 117 4
199 117 4
197 115 4
195 115 4
193 113 4
191 113 4
189 111 5
187 111 5
185 109 5
183 109 5
181 107 5
179 107 5
177 105 5
175 105 5
173 103 5
171 103 5
169 101 5
167 101 5
165 99 5
163 99 5
161 97 5
159 97 5
157 95 5
155 95 5
153 93 5
151 93 5
149 91 5
147 91 5
145 89 5
143 89 5
141 87 5
139 87 5
137 85 5
135 85 5
133 83 5
131 83 5
129 81 5
127 81 5
125 79 5
123 79 5
121 77 5
119 77 5
117 75 5
115 75 5
113 73 5
111 73 5
109 71 5
107 71 5
105 69 5
103 69 5
101 67 5
99 67 5
97 65 5
95 65 5
93 63 5
91 63 5
89 61 5
87 61 5
85 59 5
83 59 5
81 57 5
79 57 5
77 55 5
75 55 5
73 53 5
71 53 5
69 51 5
67 51 5
65 49 5
63 49 5
61 47 5
59 47 5
57 45 5
55 45 5
53 43 5
51 43 5
49 41 5
47 41 5
45 39 5
43 39 5
41 37 5
39 37 5
37 35 5
35 35 5
33 33 5
31 31 5
29 29 5
27 27 5
25 25 5
23 23 5
21 21 5
19 19 5
17 17 5
15 15 5
13 13 5
11 11 5
9 9 5
7 7 5
5 5 5
@PRIORIDADE 1 2 3 4 5 6 7 8 9 10
11 12 13 14 15 16 17 18 19 20
21 22 23 24 25 26 27 28 29 30
31 32 33 34 35 36 37 38 39 40
41 42 43 44 45 46 47 48 49 50
51 52 53 54 55 56 57 58 59 60
61 62 63 64 65 66 67 68 69 70
71 72 73 74 75 76 77 78 79 80
81 82 83 84 85 86 87 88 89 90
91 92 93 94 95 96 97 98 99 100
---

# B12: chapa 4500x4500 | 150 tipos | mistura de limites e ilimitados
@INSTANCIA B12 4500 4500
@ARTIGO 0 0.00 0.00
@TIPOS 150
900 700 5
880 680 5
860 660 6
840 640 6
820 620 7
800 600 7
780 580 8
760 560 8
740 540 9
720 520 9
700 500 10
680 480 10
660 460 11
640 440 11
620 420 12
600 400 12
580 380 13
560 360 13
540 340 14
520 320 14

880 660 6
860 640 6
840 620 7
820 600 7
800 580 8
780 560 8
760 540 9
740 520 9
720 500 10
700 480 10
680 460 11
660 440 11
640 420 12
620 400 12
600 380 13
580 360 13
560 340 14
540 320 14
520 300 15
500 280 15

700 450 15
680 430 16
660 410 16
640 390 17
620 370 17
600 350 18
580 330 18
560 310 19
540 290 19
520 270 20
500 250 20
480 230 21
460 210 21
440 200 22
420 190 22
400 180 23
380 170 23
360 160 24
340 150 24
320 140 25

300 130 25
280 120 26
260 110 26
240 100 27
220 95 27
200 90 28
180 85 28
170 80 29
160 75 29
150 70 30

140 65 0
130 60 0
120 55 0
110 50 0
100 45 0
95 43 0
90 40 0
85 39 0
80 37 0
75 35 0
70 33 0
65 31 0
60 29 0
55 27 0
50 25 0
48 24 0
46 23 0
44 22 0
42 21 0
40 20 0

38 19 0
36 18 0
34 17 0
32 16 0
30 15 0
28 14 0
26 13 0
24 12 0
22 11 0
20 10 0
18 9 0
16 8 0
15 8 0
14 7 0
13 7 0
12 6 0
11 6 0
10 5 0
9 5 0
8 4 0

7 4 0
6 3 0
5 3 0
4 2 0
3 2 0
2 1 0
1 1 0

450 300 20
430 280 21
410 260 22
390 240 23
370 220 24
350 210 25
330 200 26
310 190 27
290 180 28
270 170 29

260 160 30
250 150 30
240 140 31
230 130 32
220 120 33
210 110 34
200 100 35
190 95 36
180 90 37
170 85 38

160 80 40
150 75 42
140 70 45
130 65 48
120 60 50
110 55 55
100 50 60
90 45 70
80 40 80
70 35 90
60 30 100
50 25 120
40 20 150
30 15 200
20 10 300

@PRIORIDADE 1 2 3 4 5 6 7 8 9 10
11 12 13 14 15 16 17 18 19 20
21 22 23 24 25 26 27 28 29 30
31 32 33 34 35 36 37 38 39 40
41 42 43 44 45 46 47 48 49 50
51 52 53 54 55 56 57 58 59 60
61 62 63 64 65 66 67 68 69 70
71 72 73 74 75 76 77 78 79 80
81 82 83 84 85 86 87 88 89 90
91 92 93 94 95 96 97 98 99 100
101 102 103 104 105 106 107 108 109 110
111 112 113 114 115 116 117 118 119 120
121 122 123 124 125 126 127 128 129 130
131 132 133 134 135 136 137 138 139 140
141 142 143 144 145 146 147 148 149 150
---
# B13: chapa 6000x6000 | 150 tipos
@INSTANCIA B13 6000 6000
@ARTIGO 0 0.00 0.00
@TIPOS 150
1200 900 6
1180 880 6
1160 860 7
1140 840 7
1120 820 8
1100 800 8
1080 780 9
1060 760 9
1040 740 10
1020 720 10
1000 700 11
980 680 11
960 660 12
940 640 12
920 620 13
900 600 13
880 580 14
860 560 14
840 540 15
820 520 15

1180 860 7
1160 840 7
1140 820 8
1120 800 8
1100 780 9
1080 760 9
1060 740 10
1040 720 10
1020 700 11
1000 680 11
980 660 12
960 640 12
940 620 13
920 600 13
900 580 14
880 560 14
860 540 15
840 520 15
820 500 16
800 480 16

1000 650 16
980 630 17
960 610 17
940 590 18
920 570 18
900 550 19
880 530 19
860 510 20
840 490 20
820 470 21
800 450 21
780 430 22
760 410 22
740 390 23
720 370 23
700 350 24
680 330 24
660 310 25
640 290 25
620 270 26

600 260 28
580 250 30
560 240 32
540 230 34
520 220 36
500 210 38
480 200 40
460 190 42
440 180 45
420 170 48
400 160 50
380 150 55
360 140 60
340 130 65
320 120 70

300 110 80
280 100 90
260 95 100
240 90 110
220 85 120

200 80 0
190 75 0
180 70 0
170 65 0
160 60 0
150 55 0
140 50 0
130 48 0
120 45 0
110 43 0
100 40 0
95 38 0
90 36 0
85 34 0
80 32 0

75 30 0
70 28 0
65 26 0
60 24 0
55 22 0
50 20 0
48 19 0
46 18 0
44 17 0
42 16 0
40 15 0
38 14 0
36 13 0
34 12 0
32 11 0

30 10 0
28 9 0
26 8 0
24 7 0
22 6 0
20 5 0
18 5 0
16 4 0
14 4 0
12 3 0
10 3 0
9 3 0
8 2 0
7 2 0
6 2 0

5 2 0
4 1 0
3 1 0
2 1 0
1 1 0

600 400 30
580 380 32
560 360 34
540 340 36
520 320 38
500 300 40
480 280 45
460 260 50
440 240 55
420 220 60
400 200 65
380 180 70
360 170 80
340 160 90
320 150 100

300 140 120
280 130 140
260 120 160
240 110 180
220 100 200

200 90 250
180 80 300
160 70 350
140 60 400
120 50 500
100 45 600
80 40 700
60 30 900
40 20 1200
20 10 2000

@PRIORIDADE 1 2 3 4 5 6 7 8 9 10
11 12 13 14 15 16 17 18 19 20
21 22 23 24 25 26 27 28 29 30
31 32 33 34 35 36 37 38 39 40
41 42 43 44 45 46 47 48 49 50
51 52 53 54 55 56 57 58 59 60
61 62 63 64 65 66 67 68 69 70
71 72 73 74 75 76 77 78 79 80
81 82 83 84 85 86 87 88 89 90
91 92 93 94 95 96 97 98 99 100
101 102 103 104 105 106 107 108 109 110
111 112 113 114 115 116 117 118 119 120
121 122 123 124 125 126 127 128 129 130
131 132 133 134 135 136 137 138 139 140
141 142 143 144 145 146 147 148 149 150
---